<?xml version="1.0"?>
<opencv_storage>
<cameraMatrix1 type_id="opencv-matrix">
  <rows>3</rows>
  <cols>3</cols>
  <dt>d</dt>
  <data>
    267.158236071084 0 311.514685121191 0 265.872710643887 240.899607736590 0 0 1
  </data>
</cameraMatrix1>
<cameraMatrix2 type_id="opencv-matrix">
  <rows>3</rows>
  <cols>3</cols>
  <dt>d</dt>
  <data>
    267.120828809079 0 322.566882849857 0 266.116993633658 256.633909373943 0 0 1
  </data>
</cameraMatrix2>
<distCoeffs1 type_id="opencv-matrix">
  <rows>1</rows>
  <cols>5</cols>
  <dt>d</dt>
  <data>
    0.00589274120283558 -0.0195156063941911 0 0 0
  </data>
</distCoeffs1>
<distCoeffs2 type_id="opencv-matrix">
  <rows>1</rows>
  <cols>5</cols>
  <dt>d</dt>
  <data>
    0.00847825331019787 -0.0206265090377672 0 0 0
  </data>
</distCoeffs2>
<R type_id="opencv-matrix">
  <rows>3</rows>
  <cols>3</cols>
  <dt>d</dt>
  <data>
    0.999989954798971 0.000130556179576030 -0.00448031876496441 -0.000168634944429139 0.999963861874609 -0.00849979453125736 0.00447904715394191 0.00850046468741855 0.999953839052929
  </data>
</R>
<T type_id="opencv-matrix">
  <rows>3</rows>
  <cols>1</cols>
  <dt>d</dt>
  <data>
    -61.7607018134668
    0.121905462305606
    -0.237473960316537
  </data>
</T>

</opencv_storage>
